## sigma
0 2 1
## sigma_heads
3 2 0 1
1 0 2 3
## orig1.q0
987178 617620
326136 177167
905493 665479
473942 936423
67672 13775
567667 18721
872675 569275
445467 511397
## orig1.k0
961588 96726
336474 40963
411016 867435
888039 458334
## orig1.v0
254245 91561
663736 318891
350953 556821
557915 675916
## orig1.h0
860748 3429 442123
112942 111809 100780
## orig1.logits
150272 331514 161022
635417 629265 133287
# orig1 tables elapsed_ms 97865
## orig1.logits_def
150272 331514 161022
635417 629265 133287
# orig1 definition elapsed_ms 1354417
## orig.emb
885440 403958 794772
933488 441001 42450
271493 536110 509532
## orig.head
870163 318046 499748
375441 611720 934973
952225 229053 529202
## orig.gf
424605 962839 821873
## orig.l0.wq
792518 99437 648406
838234 262674 953938
558433 739426 849574
631140 945989 154100
325213 103560 765284
77324 942500 891786
717209 346236 495077
587007 105592 370977
## orig.l0.wk
455262 331556 640561
671532 957361 214410
579363 500181 464197
907343 546678 273145
## orig.l0.wv
65304 844132 963080
575352 960489 14723
97802 754665 880899
418196 744754 864912
## orig.l0.wo
823182 700609 655638 1198 641620 517553 868287 909747
349317 255759 765752 341001 737822 912755 66043 200348
961564 595078 232473 250206 842368 149416 842194 569366
## orig.l0.wg
335601 917595 532614
978147 513054 114355
316089 578045 305230
## orig.l0.wu
740883 130873 574033
348914 854030 967048
566528 213072 838260
## orig.l0.wd
632485 573812 616161
301630 466604 96083
625252 836695 403598
## orig.l0.an
146040 295529 146535
## orig.l0.mn
469731 95647 84354
## orig.l1.wq
304432 192800 198591
861370 195800 34574
642539 688557 272688
499678 72441 94187
711693 794405 136550
919360 156814 968235
40518 883383 84146
941802 733293 967922
## orig.l1.wk
869647 566860 716700
410303 878565 739543
550055 289023 547136
851054 246941 890750
## orig.l1.wv
225654 938516 712480
618451 865351 995900
439797 607854 288579
472449 516586 692317
## orig.l1.wo
672343 734239 961482 831861 374727 86374 340079 642549
120952 510073 615592 660757 351556 886128 199626 254841
16996 767022 284203 122824 739595 231169 390133 833180
## orig.l1.wg
855546 65213 105494
821159 153467 896870
731560 229400 47431
## orig.l1.wu
856812 601742 665013
954220 982012 560147
631421 713649 77591
## orig.l1.wd
27993 130488 665845
197678 635791 870408
603930 125509 410212
## orig.l1.an
332448 603614 253868
## orig.l1.mn
178764 348690 446831
## orig.q0
987178 617620
326136 177167
905493 665479
473942 936423
67672 13775
567667 18721
872675 569275
445467 511397
## orig.k0
961588 96726
336474 40963
411016 867435
888039 458334
## orig.v0
254245 91561
663736 318891
350953 556821
557915 675916
## orig.h0
860748 3429 442123
112942 111809 100780
## orig.q1
711841 918232
239824 541629
832429 309360
621255 224544
721490 96997
521129 170701
962736 187242
394752 193747
## orig.k1
776915 166046
377933 264853
717073 33390
881696 223859
## orig.v1
904979 774431
245939 938588
557692 506093
689237 474490
## orig.h1
933220 81383 645089
324717 785633 79645
## orig.logits
559582 755811 655547
125544 583267 589974
# orig elapsed_ms 187916
## fold.emb
885440 403958 794772
933488 441001 42450
271493 536110 509532
## fold.head
452193 173916 155820
647566 106122 759151
283171 499847 530541
## fold.gf
1 1 1
## fold.l0.wq
981506 429015 888171
326115 551665 885478
310661 170791 952617
409087 344483 975760
964041 891428 554520
363084 246895 469479
888140 471878 890560
245102 404553 951615
## fold.l0.wk
263022 119172 324543
239070 90188 475096
918693 547298 903335
974199 717988 182500
## fold.l0.wv
967552 737436 504428
154008 502128 428334
961234 723713 147719
160621 744581 499703
## fold.l0.wo
823182 700609 655638 1198 641620 517553 868287 909747
349317 255759 765752 341001 737822 912755 66043 200348
961564 595078 232473 250206 842368 149416 842194 569366
## fold.l0.wg
720408 945673 986575
590065 928725 272732
356631 104251 294179
## fold.l0.wu
668431 572280 834419
230449 162355 122270
965626 636447 371910
## fold.l0.wd
632485 573812 616161
301630 466604 96083
625252 836695 403598
## fold.l0.an
1 1 1
## fold.l0.mn
1 1 1
## fold.l1.wq
505915 430072 748743
874683 266639 205901
164642 398135 549506
453396 270596 993586
204664 541134 571405
476366 841834 145571
87654 746502 912645
251999 593030 685127
## fold.l1.wk
538523 605551 649762
2532 542974 739089
136048 805751 905351
351402 597606 242604
## fold.l1.wv
995941 697327 330015
181242 411506 382722
194429 83632 753792
253960 606353 604888
## fold.l1.wo
672343 734239 961482 831861 374727 86374 340079 642549
120952 510073 615592 660757 351556 886128 199626 254841
16996 767022 284203 122824 739595 231169 390133 833180
## fold.l1.wg
366324 52753 848103
227097 247694 116726
199512 246033 577582
## fold.l1.wu
680870 788520 532362
672343 737032 293287
5019 523287 960114
## fold.l1.wd
27993 130488 665845
197678 635791 870408
603930 125509 410212
## fold.l1.an
1 1 1
## fold.l1.mn
1 1 1
## fold.q0
987178 617620
326136 177167
905493 665479
473942 936423
67672 13775
567667 18721
872675 569275
445467 511397
## fold.k0
961588 96726
336474 40963
411016 867435
888039 458334
## fold.v0
254245 91561
663736 318891
350953 556821
557915 675916
## fold.h0
860748 3429 442123
112942 111809 100780
## fold.q1
711841 918232
239824 541629
832429 309360
621255 224544
721490 96997
521129 170701
962736 187242
394752 193747
## fold.k1
776915 166046
377933 264853
717073 33390
881696 223859
## fold.v1
904979 774431
245939 938588
557692 506093
689237 474490
## fold.h1
933220 81383 645089
324717 785633 79645
## fold.logits
559582 755811 655547
125544 583267 589974
# fold elapsed_ms 379454
## h1.emb
885440 794772 596045
933488 42450 559002
271493 509532 463893
## h1.head
870163 499748 681957
375441 934973 388283
952225 529202 770950
## h1.gf
424605 821873 962839
## h1.l0.wq
792518 648406 900566
838234 953938 737329
558433 849574 260577
631140 154100 54014
325213 765284 896443
77324 891786 57503
717209 495077 653767
587007 370977 894411
## h1.l0.wk
455262 640561 668447
671532 214410 42642
579363 464197 499822
907343 273145 453325
## h1.l0.wv
65304 963080 155871
575352 14723 39514
97802 880899 245338
418196 864912 255249
## h1.l0.wo
823182 700609 655638 1198 641620 517553 868287 909747
961564 595078 232473 250206 842368 149416 842194 569366
650686 744244 234251 659002 262181 87248 933960 799655
## h1.l0.wg
335601 532614 82408
978147 114355 486949
316089 305230 421958
## h1.l0.wu
740883 574033 869130
348914 967048 145973
566528 838260 786931
## h1.l0.wd
632485 573812 616161
625252 836695 403598
698373 533399 903920
## h1.l0.an
146040 146535 295529
## h1.l0.mn
469731 84354 95647
## h1.l1.wq
304432 198591 807203
861370 34574 804203
642539 272688 311446
499678 94187 927562
711693 136550 205598
919360 968235 843189
40518 84146 116620
941802 967922 266710
## h1.l1.wk
869647 716700 433143
410303 739543 121438
550055 547136 710980
851054 890750 753062
## h1.l1.wv
225654 712480 61487
618451 995900 134652
439797 288579 392149
472449 692317 483417
## h1.l1.wo
672343 734239 961482 831861 374727 86374 340079 642549
16996 767022 284203 122824 739595 231169 390133 833180
879051 489930 384411 339246 648447 113875 800377 745162
## h1.l1.wg
855546 105494 934790
821159 896870 846536
731560 47431 770603
## h1.l1.wu
856812 665013 398261
954220 560147 17991
631421 77591 286354
## h1.l1.wd
27993 130488 665845
603930 125509 410212
802325 364212 129595
## h1.l1.an
332448 253868 603614
## h1.l1.mn
178764 446831 348690
## h1.q0
987178 617620
326136 177167
905493 665479
473942 936423
67672 13775
567667 18721
872675 569275
445467 511397
## h1.k0
961588 96726
336474 40963
411016 867435
888039 458334
## h1.v0
254245 91561
663736 318891
350953 556821
557915 675916
## h1.h0
860748 442123 996574
112942 100780 888194
## h1.q1
711841 918232
239824 541629
832429 309360
621255 224544
721490 96997
521129 170701
962736 187242
394752 193747
## h1.k1
776915 166046
377933 264853
717073 33390
881696 223859
## h1.v1
904979 774431
245939 938588
557692 506093
689237 474490
## h1.h1
933220 645089 918620
324717 79645 214370
## h1.logits
559582 755811 655547
125544 583267 589974
# h1 elapsed_ms 875856
## h4.emb
911003 420895 269913
560888 973427 571497
714626 185704 219237
## h4.head
731327 981626 121046
858828 87792 486741
895914 693485 140454
## h4.gf
1 1 1
## h4.l0.wq
668147 173297 753631
379951 388162 489088
314595 761041 180257
470421 251710 792579
798061 499141 928983
827476 350687 570448
444328 553842 325058
164071 394866 39849
## h4.l0.wk
762990 775938 515361
894400 703747 487507
452774 292071 99158
679498 906175 988453
## h4.l0.wv
52334 558943 774945
514401 988746 425812
114240 16610 853026
203154 795449 650709
## h4.l0.wo
436849 775857 304528 197109 418725 777956 641149 972818
886128 443685 738944 438523 496779 848914 241002 508359
926022 862120 713323 100409 601315 281532 351760 74006
## h4.l0.wg
102993 558718 745822
395196 560659 947871
376798 566808 891141
## h4.l0.wu
843328 887330 962255
237900 629648 812413
365432 521107 667787
## h4.l0.wd
241438 760668 493379
775424 602180 513067
953445 448037 867003
## h4.l0.an
1 1 1
## h4.l0.mn
1 1 1
## h4.l1.wq
116799 219507 388088
789534 149083 135191
89327 668740 382820
503383 442054 659759
794357 677956 543793
73047 693188 849135
584788 589597 606173
404975 775742 767352
## h4.l1.wk
75136 60728 283844
728415 358611 96602
523472 723532 501166
499983 644035 458867
## h4.l1.wv
371295 771735 534896
825015 689587 160927
918741 250780 721084
984776 820349 684366
## h4.l1.wo
624482 588992 860883 344763 9896 481207 506038 460232
592355 191484 170568 250422 681176 441166 499338 279949
311272 515944 845482 730940 772523 645701 536859 106318
## h4.l1.wg
644575 544785 67925
98170 632364 663346
210206 861554 662172
## h4.l1.wu
784263 414206 975300
363312 809255 343751
13012 437082 11062
## h4.l1.wd
993847 255418 119174
63609 767907 877462
83824 253107 286695
## h4.l1.an
1 1 1
## h4.l1.mn
1 1 1
## h4.q0
987178 617620
326136 177167
905493 665479
473942 936423
67672 13775
567667 18721
872675 569275
445467 511397
## h4.k0
961588 96726
336474 40963
411016 867435
888039 458334
## h4.v0
254245 91561
663736 318891
350953 556821
557915 675916
## h4.h0
567798 882376 118149
455496 424471 103318
## h4.q1
711841 918232
239824 541629
832429 309360
621255 224544
721490 96997
521129 170701
962736 187242
394752 193747
## h4.k1
776915 166046
377933 264853
717073 33390
881696 223859
## h4.v1
904979 774431
245939 938588
557692 506093
689237 474490
## h4.h1
30700 646685 911003
107677 478056 36157
## h4.logits
559582 755811 655547
125544 583267 589974
# h4 elapsed_ms 1056593
## ov.emb
885440 403958 794772
933488 441001 42450
271493 536110 509532
## ov.head
870163 318046 499748
375441 611720 934973
952225 229053 529202
## ov.gf
424605 962839 821873
## ov.l0.wq
792518 99437 648406
838234 262674 953938
558433 739426 849574
631140 945989 154100
325213 103560 765284
77324 942500 891786
717209 346236 495077
587007 105592 370977
## ov.l0.wk
455262 331556 640561
671532 957361 214410
579363 500181 464197
907343 546678 273145
## ov.l0.wv
334112 943095 927752
520011 572187 477613
657355 890934 947398
533218 314000 707690
## ov.l0.wo
407860 888205 233307 297734 903455 136863 70217 536422
792415 848883 437456 622540 435184 186356 701103 563123
442887 569914 65370 981568 449113 475284 353622 93038
## ov.l0.wg
335601 917595 532614
978147 513054 114355
316089 578045 305230
## ov.l0.wu
740883 130873 574033
348914 854030 967048
566528 213072 838260
## ov.l0.wd
632485 573812 616161
301630 466604 96083
625252 836695 403598
## ov.l0.an
146040 295529 146535
## ov.l0.mn
469731 95647 84354
## ov.l1.wq
304432 192800 198591
861370 195800 34574
642539 688557 272688
499678 72441 94187
711693 794405 136550
919360 156814 968235
40518 883383 84146
941802 733293 967922
## ov.l1.wk
869647 566860 716700
410303 878565 739543
550055 289023 547136
851054 246941 890750
## ov.l1.wv
882472 606944 883775
49914 929584 106403
41268 331538 36801
200327 886875 489174
## ov.l1.wo
718178 802800 328647 376357 526497 453710 576873 443854
647987 806585 159529 941633 94737 368405 639449 421462
179574 207172 264043 276915 910857 681337 741988 813165
## ov.l1.wg
855546 65213 105494
821159 153467 896870
731560 229400 47431
## ov.l1.wu
856812 601742 665013
954220 982012 560147
631421 713649 77591
## ov.l1.wd
27993 130488 665845
197678 635791 870408
603930 125509 410212
## ov.l1.an
332448 603614 253868
## ov.l1.mn
178764 348690 446831
## ov.q0
987178 617620
326136 177167
905493 665479
473942 936423
67672 13775
567667 18721
872675 569275
445467 511397
## ov.k0
961588 96726
336474 40963
411016 867435
888039 458334
## ov.v0
782825 199141
560545 262126
855816 964503
43396 276726
## ov.h0
860748 3429 442123
112942 111809 100780
## ov.q1
711841 918232
239824 541629
832429 309360
621255 224544
721490 96997
521129 170701
962736 187242
394752 193747
## ov.k1
776915 166046
377933 264853
717073 33390
881696 223859
## ov.v1
497613 179787
688340 484043
512406 811418
569857 63612
## ov.h1
933220 81383 645089
324717 785633 79645
## ov.logits
559582 755811 655547
125544 583267 589974
# ov elapsed_ms 1154464
## qk.emb
885440 403958 794772
933488 441001 42450
271493 536110 509532
## qk.head
870163 318046 499748
375441 611720 934973
952225 229053 529202
## qk.gf
424605 962839 821873
## qk.l0.wq
47606 699737 582310
86462 235219 543536
906003 231126 76305
373470 114801 562551
172130 884073 156386
650573 573144 333207
861233 341750 845671
469484 411114 139956
## qk.l0.wk
451565 255413 713073
823675 22441 120624
749112 273355 734783
945160 877550 349232
## qk.l0.wv
65304 844132 963080
575352 960489 14723
97802 754665 880899
418196 744754 864912
## qk.l0.wo
823182 700609 655638 1198 641620 517553 868287 909747
349317 255759 765752 341001 737822 912755 66043 200348
961564 595078 232473 250206 842368 149416 842194 569366
## qk.l0.wg
335601 917595 532614
978147 513054 114355
316089 578045 305230
## qk.l0.wu
740883 130873 574033
348914 854030 967048
566528 213072 838260
## qk.l0.wd
632485 573812 616161
301630 466604 96083
625252 836695 403598
## qk.l0.an
146040 295529 146535
## qk.l0.mn
469731 95647 84354
## qk.l1.wq
436037 607051 821894
312924 795449 531222
684113 97760 527568
592443 644277 190376
4966 694078 802772
829064 363028 614714
569083 573864 156168
802679 94120 104878
## qk.l1.wk
947971 321866 845708
804169 861886 651365
327668 762089 864574
670811 461122 199401
## qk.l1.wv
225654 938516 712480
618451 865351 995900
439797 607854 288579
472449 516586 692317
## qk.l1.wo
672343 734239 961482 831861 374727 86374 340079 642549
120952 510073 615592 660757 351556 886128 199626 254841
16996 767022 284203 122824 739595 231169 390133 833180
## qk.l1.wg
855546 65213 105494
821159 153467 896870
731560 229400 47431
## qk.l1.wu
856812 601742 665013
954220 982012 560147
631421 713649 77591
## qk.l1.wd
27993 130488 665845
197678 635791 870408
603930 125509 410212
## qk.l1.an
332448 603614 253868
## qk.l1.mn
178764 348690 446831
## qk.q0
441 517211
667495 119242
163720 229820
451875 388380
763165 808441
776859 629108
684774 32286
29686 610903
## qk.k0
159662 755079
324641 842622
675147 357034
468819 721656
## qk.v0
254245 91561
663736 318891
350953 556821
557915 675916
## qk.h0
860748 3429 442123
112942 111809 100780
## qk.q1
936884 432860
348231 565843
57733 793148
508094 545577
173152 809344
941432 465891
106345 745151
765797 367887
## qk.k1
748806 716916
791326 96867
242650 352977
444195 42445
## qk.v1
904979 774431
245939 938588
557692 506093
689237 474490
## qk.h1
933220 81383 645089
324717 785633 79645
## qk.logits
559582 755811 655547
125544 583267 589974
# qk elapsed_ms 257502
## hp.emb
885440 403958 794772
933488 441001 42450
271493 536110 509532
## hp.head
870163 318046 499748
375441 611720 934973
952225 229053 529202
## hp.gf
424605 962839 821873
## hp.l0.wq
717209 346236 495077
587007 105592 370977
325213 103560 765284
77324 942500 891786
792518 99437 648406
838234 262674 953938
558433 739426 849574
631140 945989 154100
## hp.l0.wk
579363 500181 464197
907343 546678 273145
455262 331556 640561
671532 957361 214410
## hp.l0.wv
97802 754665 880899
418196 744754 864912
65304 844132 963080
575352 960489 14723
## hp.l0.wo
868287 909747 641620 517553 823182 700609 655638 1198
66043 200348 737822 912755 349317 255759 765752 341001
842194 569366 842368 149416 961564 595078 232473 250206
## hp.l0.wg
335601 917595 532614
978147 513054 114355
316089 578045 305230
## hp.l0.wu
740883 130873 574033
348914 854030 967048
566528 213072 838260
## hp.l0.wd
632485 573812 616161
301630 466604 96083
625252 836695 403598
## hp.l0.an
146040 295529 146535
## hp.l0.mn
469731 95647 84354
## hp.l1.wq
642539 688557 272688
499678 72441 94187
304432 192800 198591
861370 195800 34574
711693 794405 136550
919360 156814 968235
40518 883383 84146
941802 733293 967922
## hp.l1.wk
869647 566860 716700
410303 878565 739543
550055 289023 547136
851054 246941 890750
## hp.l1.wv
225654 938516 712480
618451 865351 995900
439797 607854 288579
472449 516586 692317
## hp.l1.wo
961482 831861 672343 734239 374727 86374 340079 642549
615592 660757 120952 510073 351556 886128 199626 254841
284203 122824 16996 767022 739595 231169 390133 833180
## hp.l1.wg
855546 65213 105494
821159 153467 896870
731560 229400 47431
## hp.l1.wu
856812 601742 665013
954220 982012 560147
631421 713649 77591
## hp.l1.wd
27993 130488 665845
197678 635791 870408
603930 125509 410212
## hp.l1.an
332448 603614 253868
## hp.l1.mn
178764 348690 446831
## hp.q0
872675 569275
445467 511397
67672 13775
567667 18721
987178 617620
326136 177167
905493 665479
473942 936423
## hp.k0
411016 867435
888039 458334
961588 96726
336474 40963
## hp.v0
350953 556821
557915 675916
254245 91561
663736 318891
## hp.h0
860748 3429 442123
112942 111809 100780
## hp.q1
832429 309360
621255 224544
711841 918232
239824 541629
721490 96997
521129 170701
962736 187242
394752 193747
## hp.k1
776915 166046
377933 264853
717073 33390
881696 223859
## hp.v1
904979 774431
245939 938588
557692 506093
689237 474490
## hp.h1
933220 81383 645089
324717 785633 79645
## hp.logits
559582 755811 655547
125544 583267 589974
# hp elapsed_ms 446144
## m1.emb
885440 403958 794772
933488 441001 42450
271493 536110 509532
## m1.head
870163 318046 499748
375441 611720 934973
952225 229053 529202
## m1.gf
424605 962839 821873
## m1.l0.wq
792518 99437 648406
838234 262674 953938
558433 739426 849574
631140 945989 154100
325213 103560 765284
77324 942500 891786
717209 346236 495077
587007 105592 370977
## m1.l0.wk
455262 331556 640561
671532 957361 214410
579363 500181 464197
907343 546678 273145
## m1.l0.wv
65304 844132 963080
575352 960489 14723
97802 754665 880899
418196 744754 864912
## m1.l0.wo
823182 700609 655638 1198 641620 517553 868287 909747
349317 255759 765752 341001 737822 912755 66043 200348
961564 595078 232473 250206 842368 149416 842194 569366
## m1.l0.wg
316089 578045 305230
335601 917595 532614
978147 513054 114355
## m1.l0.wu
364475 54019 528639
511120 181802 601272
249910 129528 356571
## m1.l0.wd
212801 697981 843644
605669 151358 521438
261338 152421 642168
## m1.l0.an
146040 295529 146535
## m1.l0.mn
469731 95647 84354
## m1.l1.wq
304432 192800 198591
861370 195800 34574
642539 688557 272688
499678 72441 94187
711693 794405 136550
919360 156814 968235
40518 883383 84146
941802 733293 967922
## m1.l1.wk
869647 566860 716700
410303 878565 739543
550055 289023 547136
851054 246941 890750
## m1.l1.wv
225654 938516 712480
618451 865351 995900
439797 607854 288579
472449 516586 692317
## m1.l1.wo
672343 734239 961482 831861 374727 86374 340079 642549
120952 510073 615592 660757 351556 886128 199626 254841
16996 767022 284203 122824 739595 231169 390133 833180
## m1.l1.wg
821159 153467 896870
731560 229400 47431
855546 65213 105494
## m1.l1.wu
923450 145267 366705
257942 188850 837857
276084 703567 746237
## m1.l1.wd
645726 983287 809005
602138 522903 319224
38825 143768 389060
## m1.l1.an
332448 603614 253868
## m1.l1.mn
178764 348690 446831
## m1.q0
987178 617620
326136 177167
905493 665479
473942 936423
67672 13775
567667 18721
872675 569275
445467 511397
## m1.k0
961588 96726
336474 40963
411016 867435
888039 458334
## m1.v0
254245 91561
663736 318891
350953 556821
557915 675916
## m1.h0
860748 3429 442123
112942 111809 100780
## m1.q1
711841 918232
239824 541629
832429 309360
621255 224544
721490 96997
521129 170701
962736 187242
394752 193747
## m1.k1
776915 166046
377933 264853
717073 33390
881696 223859
## m1.v1
904979 774431
245939 938588
557692 506093
689237 474490
## m1.h1
933220 81383 645089
324717 785633 79645
## m1.logits
559582 755811 655547
125544 583267 589974
# m1 elapsed_ms 634526
## n1.emb
885440 403958 794772
933488 441001 42450
271493 536110 509532
## n1.head
870163 318046 499748
375441 611720 934973
952225 229053 529202
## n1.gf
424605 962839 821873
## n1.l0.wq
141018 335364 462756
484245 373445 399037
539675 250281 390874
466701 874664 697464
999315 839712 539680
995882 653789 582862
975061 599786 920323
69758 205665 636383
## n1.l0.wk
966661 152827 196619
86605 741612 279448
934324 19532 396002
635068 104082 509724
## n1.l0.wv
576212 788508 120517
855015 761645 493478
632651 914056 385994
233261 225580 478828
## n1.l0.wo
823182 700609 655638 1198 641620 517553 868287 909747
349317 255759 765752 341001 737822 912755 66043 200348
961564 595078 232473 250206 842368 149416 842194 569366
## n1.l0.wg
338191 966550 925083
694349 969146 130550
190501 34539 360131
## n1.l0.wu
503624 315930 809541
738776 885448 728066
284455 330647 366356
## n1.l0.wd
632485 573812 616161
301630 466604 96083
625252 836695 403598
## n1.l0.an
654124 881968 851397
## n1.l0.mn
743596 551613 304913
## n1.l1.wq
903715 143286 469528
603160 251325 866197
362392 49929 298052
547484 697812 694028
750044 853824 832965
12735 453327 275200
635581 820179 206595
814595 805004 803977
## n1.l1.wk
269275 354269 561219
623947 524668 542635
111567 975557 536536
179134 482061 761345
## n1.l1.wv
67747 562677 249500
86518 642794 838870
56883 856583 314761
338510 397757 631925
## n1.l1.wo
672343 734239 961482 831861 374727 86374 340079 642549
120952 510073 615592 660757 351556 886128 199626 254841
16996 767022 284203 122824 739595 231169 390133 833180
## n1.l1.wg
985287 703640 257980
298409 4680 534874
353273 779809 618276
## n1.l1.wu
541414 25355 865583
945324 373774 588929
253640 502884 689604
## n1.l1.wd
27993 130488 665845
197678 635791 870408
603930 125509 410212
## n1.l1.an
843228 339451 531045
## n1.l1.mn
808893 56036 845959
## n1.q0
987178 617620
326136 177167
905493 665479
473942 936423
67672 13775
567667 18721
872675 569275
445467 511397
## n1.k0
961588 96726
336474 40963
411016 867435
888039 458334
## n1.v0
254245 91561
663736 318891
350953 556821
557915 675916
## n1.h0
860748 3429 442123
112942 111809 100780
## n1.q1
711841 918232
239824 541629
832429 309360
621255 224544
721490 96997
521129 170701
962736 187242
394752 193747
## n1.k1
776915 166046
377933 264853
717073 33390
881696 223859
## n1.v1
904979 774431
245939 938588
557692 506093
689237 474490
## n1.h1
933220 81383 645089
324717 785633 79645
## n1.logits
559582 755811 655547
125544 583267 589974
# n1 elapsed_ms 779532
