## sigma
1 0
## sigma_heads
2 3 0 1
2 3 0 1
## orig1.q0
124752 690531
121333 212203
467372 614355
534778 132443
11636 763244
974352 389313
50993 530501
955421 245652
## orig1.k0
865340 750272
851222 687283
973082 844988
752599 353854
## orig1.v0
953763 859254
559567 583778
300040 252372
973300 166582
## orig1.h0
949322 219644
163598 173726
## orig1.logits
399587 755576 752532
667775 188106 821792
# orig1 tables elapsed_ms 9151
## orig1.logits_def
399587 755576 752532
667775 188106 821792
# orig1 definition elapsed_ms 108805
## orig.emb
885440 403958
794772 933488
441001 42450
## orig.head
509532 424604
962838 821872
870163 318046
## orig.gf
271494 536111
## orig.l0.wq
611720 934973
952225 229053
529202 146039
295528 146534
792518 99437
648406 838234
262674 953938
558433 739426
## orig.l0.wk
849574 631140
945989 154100
325213 103560
765284 77324
## orig.l0.wv
942500 891786
717209 346236
495077 587007
105592 370977
## orig.l0.wo
455262 331556 640561 671532 957361 214410 579363 500181
464197 907343 546678 273145 65304 844132 963080 575352
## orig.l0.wg
97802 754665
880899 418196
## orig.l0.wu
744754 864912
823182 700609
## orig.l0.wd
655638 1198
641620 517553
## orig.l0.an
499749 375442
## orig.l0.mn
960490 14724
## orig.l1.wq
349317 255759
765752 341001
737822 912755
66043 200348
961564 595078
232473 250206
842368 149416
842194 569366
## orig.l1.wk
469730 95646
84353 335601
917595 532614
978147 513054
## orig.l1.wv
114355 316089
578045 305230
740883 130873
574033 348914
## orig.l1.wo
854030 967048 566528 213072 838260 632485 573812 616161
301630 466604 96083 625252 836695 403598 332447 603613
## orig.l1.wg
192800 198591
861370 195800
## orig.l1.wu
34574 642539
688557 272688
## orig.l1.wd
499678 72441
94187 711693
## orig.l1.an
868288 909748
## orig.l1.mn
253868 304433
## orig.q0
124752 690531
121333 212203
467372 614355
534778 132443
11636 763244
974352 389313
50993 530501
955421 245652
## orig.k0
865340 750272
851222 687283
973082 844988
752599 353854
## orig.v0
953763 859254
559567 583778
300040 252372
973300 166582
## orig.h0
949322 219644
163598 173726
## orig.q1
712924 335165
742332 821081
497076 584827
865728 20442
365350 389286
779077 720700
59186 76643
958238 39346
## orig.k1
673533 172456
994891 943922
177024 833180
683877 75675
## orig.v1
525753 255612
490360 751338
658281 933152
406940 661073
## orig.h1
342513 602567
920220 419630
## orig.logits
863480 698498 252383
726983 242987 916271
# orig elapsed_ms 18729
## fold.emb
885440 403958
794772 933488
441001 42450
## fold.head
465806 192142
955763 297953
324793 447585
## fold.gf
1 1
## fold.l0.wq
541165 79985
63909 858441
376897 9751
379405 852986
889808 714158
277977 305307
675016 316155
496092 743462
## fold.l0.wk
483210 753015
638496 438635
383965 656880
766372 590118
## fold.l0.wv
19464 914976
405272 146339
493434 420936
338101 928997
## fold.l0.wo
455262 331556 640561 671532 957361 214410 579363 500181
464197 907343 546678 273145 65304 844132 963080 575352
## fold.l0.wg
561169 654127
142234 499433
## fold.l0.wu
623482 926086
707215 735971
## fold.l0.wd
655638 1198
641620 517553
## fold.l0.an
1 1
## fold.l0.mn
1 1
## fold.l1.wq
849378 540707
277903 47076
66816 544618
172352 645509
977699 396237
910668 725219
831739 499378
750080 25834
## fold.l1.wk
698663 496169
477938 422615
337158 67643
754406 450148
## fold.l1.wv
776364 472892
31236 548997
888413 92821
470232 861406
## fold.l1.wo
854030 967048 566528 213072 838260 632485 573812 616161
301630 466604 96083 625252 836695 403598 332447 603613
## fold.l1.wg
603565 472532
623141 802579
## fold.l1.wu
205901 488560
64070 976862
## fold.l1.wd
499678 72441
94187 711693
## fold.l1.an
1 1
## fold.l1.mn
1 1
## fold.q0
124752 690531
121333 212203
467372 614355
534778 132443
11636 763244
974352 389313
50993 530501
955421 245652
## fold.k0
865340 750272
851222 687283
973082 844988
752599 353854
## fold.v0
953763 859254
559567 583778
300040 252372
973300 166582
## fold.h0
949322 219644
163598 173726
## fold.q1
712924 335165
742332 821081
497076 584827
865728 20442
365350 389286
779077 720700
59186 76643
958238 39346
## fold.k1
673533 172456
994891 943922
177024 833180
683877 75675
## fold.v1
525753 255612
490360 751338
658281 933152
406940 661073
## fold.h1
342513 602567
920220 419630
## fold.logits
863480 698498 252383
726983 242987 916271
# fold elapsed_ms 37699
## h1.emb
596045 885440
66515 794772
957553 441001
## h1.head
575399 509532
178131 962838
681957 870163
## h1.gf
536111 271494
## h1.l0.wq
65030 611720
770950 952225
853964 529202
853469 295528
900566 792518
161769 648406
46065 262674
260577 558433
## h1.l0.wk
368863 849574
845903 945989
896443 325213
922679 765284
## h1.l0.wv
108217 942500
653767 717209
412996 495077
629026 105592
## h1.l0.wo
535806 92660 453325 726858 934699 155871 36923 424651
455262 331556 640561 671532 957361 214410 579363 500181
## h1.l0.wg
245338 97802
581807 880899
## h1.l0.wu
135091 744754
299394 823182
## h1.l0.wd
358383 482450
655638 1198
## h1.l0.an
375442 499749
## h1.l0.mn
14724 960490
## h1.l1.wq
744244 349317
659002 765752
87248 737822
799655 66043
404925 961564
749797 232473
850587 842368
430637 842194
## h1.l1.wk
904357 469730
664402 84353
467389 917595
486949 978147
## h1.l1.wv
683914 114355
694773 578045
869130 740883
651089 574033
## h1.l1.wo
698373 533399 903920 374751 163308 596405 667556 396390
854030 967048 566528 213072 838260 632485 573812 616161
## h1.l1.wg
801412 192800
804203 861370
## h1.l1.wu
357464 34574
727315 688557
## h1.l1.wd
905816 288310
499678 72441
## h1.l1.an
909748 868288
## h1.l1.mn
304433 253868
## h1.q0
124752 690531
121333 212203
467372 614355
534778 132443
11636 763244
974352 389313
50993 530501
955421 245652
## h1.k0
865340 750272
851222 687283
973082 844988
752599 353854
## h1.v0
953763 859254
559567 583778
300040 252372
973300 166582
## h1.h0
780359 949322
826277 163598
## h1.q1
712924 335165
742332 821081
497076 584827
865728 20442
365350 389286
779077 720700
59186 76643
958238 39346
## h1.k1
673533 172456
994891 943922
177024 833180
683877 75675
## h1.v1
525753 255612
490360 751338
658281 933152
406940 661073
## h1.h1
397436 342513
580373 920220
## h1.logits
863480 698498 252383
726983 242987 916271
# h1 elapsed_ms 48610
## h4.emb
860578 988047
793462 985974
508279 52835
## h4.head
324848 518328
606617 180269
667003 27897
## h4.gf
1 1
## h4.l0.wq
613057 931050
304541 664774
50123 411925
522411 612851
722960 954118
183595 781810
144795 151028
862859 328902
## h4.l0.wk
793264 346923
828911 93229
452661 362233
838573 278083
## h4.l0.wv
342355 862781
631513 9616
318902 990165
293646 811029
## h4.l0.wo
886240 905543 909654 481933 59295 808580 698748 276642
496560 653784 315738 788678 319727 160974 880984 773758
## h4.l0.wg
16900 494372
751509 892402
## h4.l0.wu
845862 82559
727123 42249
## h4.l0.wd
936150 858314
974790 686530
## h4.l0.an
1 1
## h4.l0.mn
1 1
## h4.l1.wq
284985 143010
845606 373485
906082 172665
646579 491918
452799 25582
717296 802337
348459 46282
110202 184717
## h4.l1.wk
100764 270984
21069 862926
731644 402118
762919 650366
## h4.l1.wv
799509 469237
334323 447774
656038 337443
520359 93877
## h4.l1.wo
246066 531300 346213 992804 985229 401404 620088 152245
98596 661047 167278 944635 350664 723022 590642 657812
## h4.l1.wg
645841 403095
590287 186596
## h4.l1.wu
89723 485937
458196 348630
## h4.l1.wd
604985 590137
85830 135013
## h4.l1.an
1 1
## h4.l1.mn
1 1
## h4.q0
124752 690531
121333 212203
467372 614355
534778 132443
11636 763244
974352 389313
50993 530501
955421 245652
## h4.k0
865340 750272
851222 687283
973082 844988
752599 353854
## h4.v0
953763 859254
559567 583778
300040 252372
973300 166582
## h4.h0
131037 293526
433593 472392
## h4.q1
712924 335165
742332 821081
497076 584827
865728 20442
365350 389286
779077 720700
59186 76643
958238 39346
## h4.k1
673533 172456
994891 943922
177024 833180
683877 75675
## h4.v1
525753 255612
490360 751338
658281 933152
406940 661073
## h4.h1
205506 291284
943923 546120
## h4.logits
863480 698498 252383
726983 242987 916271
# h4 elapsed_ms 70958
## ov.emb
885440 403958
794772 933488
441001 42450
## ov.head
509532 424604
962838 821872
870163 318046
## ov.gf
271494 536111
## ov.l0.wq
611720 934973
952225 229053
529202 146039
295528 146534
792518 99437
648406 838234
262674 953938
558433 739426
## ov.l0.wk
849574 631140
945989 154100
325213 103560
765284 77324
## ov.l0.wv
354399 110292
511398 199918
117150 987755
24236 746882
## ov.l0.wo
625544 21224 346986 382457 742700 753091 944220 921250
16508 262500 661277 652196 199644 676826 866908 434716
## ov.l0.wg
97802 754665
880899 418196
## ov.l0.wu
744754 864912
823182 700609
## ov.l0.wd
655638 1198
641620 517553
## ov.l0.an
499749 375442
## ov.l0.mn
960490 14724
## ov.l1.wq
349317 255759
765752 341001
737822 912755
66043 200348
961564 595078
232473 250206
842368 149416
842194 569366
## ov.l1.wk
469730 95646
84353 335601
917595 532614
978147 513054
## ov.l1.wv
844312 445463
598165 901885
819225 958825
433737 782526
## ov.l1.wo
964630 853198 307413 198692 692503 578972 707671 115561
561106 736834 52577 587552 379753 677244 483567 281783
## ov.l1.wg
192800 198591
861370 195800
## ov.l1.wu
34574 642539
688557 272688
## ov.l1.wd
499678 72441
94187 711693
## ov.l1.an
868288 909748
## ov.l1.mn
253868 304433
## ov.q0
124752 690531
121333 212203
467372 614355
534778 132443
11636 763244
974352 389313
50993 530501
955421 245652
## ov.k0
865340 750272
851222 687283
973082 844988
752599 353854
## ov.v0
919903 831544
146324 584883
623580 208070
903094 20236
## ov.h0
949322 219644
163598 173726
## ov.q1
712924 335165
742332 821081
497076 584827
865728 20442
365350 389286
779077 720700
59186 76643
958238 39346
## ov.k1
673533 172456
994891 943922
177024 833180
683877 75675
## ov.v1
798575 534849
151648 926321
639496 791447
300432 967251
## ov.h1
342513 602567
920220 419630
## ov.logits
863480 698498 252383
726983 242987 916271
# ov elapsed_ms 81176
## qk.emb
885440 403958
794772 933488
441001 42450
## qk.head
509532 424604
962838 821872
870163 318046
## qk.gf
271494 536111
## qk.l0.wq
627138 588016
553696 793504
222168 819776
475394 655689
44922 16001
837426 389558
189262 717138
350359 732767
## qk.l0.wk
480401 159208
283069 935390
545718 881678
533263 923150
## qk.l0.wv
942500 891786
717209 346236
495077 587007
105592 370977
## qk.l0.wo
455262 331556 640561 671532 957361 214410 579363 500181
464197 907343 546678 273145 65304 844132 963080 575352
## qk.l0.wg
97802 754665
880899 418196
## qk.l0.wu
744754 864912
823182 700609
## qk.l0.wd
655638 1198
641620 517553
## qk.l0.an
499749 375442
## qk.l0.mn
960490 14724
## qk.l1.wq
421924 61678
106152 125266
231288 413840
219324 508302
506570 378716
956035 843334
851916 283325
936033 891229
## qk.l1.wk
118338 706560
434755 999940
733408 443771
385068 890938
## qk.l1.wv
114355 316089
578045 305230
740883 130873
574033 348914
## qk.l1.wo
854030 967048 566528 213072 838260 632485 573812 616161
301630 466604 96083 625252 836695 403598 332447 603613
## qk.l1.wg
192800 198591
861370 195800
## qk.l1.wu
34574 642539
688557 272688
## qk.l1.wd
499678 72441
94187 711693
## qk.l1.an
868288 909748
## qk.l1.mn
253868 304433
## qk.q0
795706 688720
948447 813022
231169 309656
548925 628665
800847 902819
929954 32605
322020 856403
692657 485822
## qk.k0
256999 88826
365801 657677
987339 81714
410105 938388
## qk.v0
953763 859254
559567 583778
300040 252372
973300 166582
## qk.h0
949322 219644
163598 173726
## qk.q1
472917 281541
679192 441404
68831 888253
639847 546559
443405 165302
561570 455058
751749 800418
710897 375846
## qk.k1
932073 940241
822502 461434
802213 582588
52003 790855
## qk.v1
525753 255612
490360 751338
658281 933152
406940 661073
## qk.h1
342513 602567
920220 419630
## qk.logits
863480 698498 252383
726983 242987 916271
# qk elapsed_ms 25339
## hp.emb
885440 403958
794772 933488
441001 42450
## hp.head
509532 424604
962838 821872
870163 318046
## hp.gf
271494 536111
## hp.l0.wq
792518 99437
648406 838234
262674 953938
558433 739426
611720 934973
952225 229053
529202 146039
295528 146534
## hp.l0.wk
325213 103560
765284 77324
849574 631140
945989 154100
## hp.l0.wv
495077 587007
105592 370977
942500 891786
717209 346236
## hp.l0.wo
957361 214410 579363 500181 455262 331556 640561 671532
65304 844132 963080 575352 464197 907343 546678 273145
## hp.l0.wg
97802 754665
880899 418196
## hp.l0.wu
744754 864912
823182 700609
## hp.l0.wd
655638 1198
641620 517553
## hp.l0.an
499749 375442
## hp.l0.mn
960490 14724
## hp.l1.wq
961564 595078
232473 250206
842368 149416
842194 569366
349317 255759
765752 341001
737822 912755
66043 200348
## hp.l1.wk
917595 532614
978147 513054
469730 95646
84353 335601
## hp.l1.wv
740883 130873
574033 348914
114355 316089
578045 305230
## hp.l1.wo
838260 632485 573812 616161 854030 967048 566528 213072
836695 403598 332447 603613 301630 466604 96083 625252
## hp.l1.wg
192800 198591
861370 195800
## hp.l1.wu
34574 642539
688557 272688
## hp.l1.wd
499678 72441
94187 711693
## hp.l1.an
868288 909748
## hp.l1.mn
253868 304433
## hp.q0
11636 763244
974352 389313
50993 530501
955421 245652
124752 690531
121333 212203
467372 614355
534778 132443
## hp.k0
973082 844988
752599 353854
865340 750272
851222 687283
## hp.v0
300040 252372
973300 166582
953763 859254
559567 583778
## hp.h0
949322 219644
163598 173726
## hp.q1
365350 389286
779077 720700
59186 76643
958238 39346
712924 335165
742332 821081
497076 584827
865728 20442
## hp.k1
177024 833180
683877 75675
673533 172456
994891 943922
## hp.v1
658281 933152
406940 661073
525753 255612
490360 751338
## hp.h1
342513 602567
920220 419630
## hp.logits
863480 698498 252383
726983 242987 916271
# hp elapsed_ms 41470
## m1.emb
885440 403958
794772 933488
441001 42450
## m1.head
509532 424604
962838 821872
870163 318046
## m1.gf
271494 536111
## m1.l0.wq
611720 934973
952225 229053
529202 146039
295528 146534
792518 99437
648406 838234
262674 953938
558433 739426
## m1.l0.wk
849574 631140
945989 154100
325213 103560
765284 77324
## m1.l0.wv
942500 891786
717209 346236
495077 587007
105592 370977
## m1.l0.wo
455262 331556 640561 671532 957361 214410 579363 500181
464197 907343 546678 273145 65304 844132 963080 575352
## m1.l0.wg
97802 754665
880899 418196
## m1.l0.wu
214647 480598
871932 549639
## m1.l0.wd
324583 141936
798535 413342
## m1.l0.an
499749 375442
## m1.l0.mn
960490 14724
## m1.l1.wq
349317 255759
765752 341001
737822 912755
66043 200348
961564 595078
232473 250206
842368 149416
842194 569366
## m1.l1.wk
469730 95646
84353 335601
917595 532614
978147 513054
## m1.l1.wv
114355 316089
578045 305230
740883 130873
574033 348914
## m1.l1.wo
854030 967048 566528 213072 838260 632485 573812 616161
301630 466604 96083 625252 836695 403598 332447 603613
## m1.l1.wg
192800 198591
861370 195800
## m1.l1.wu
247754 56665
529810 968208
## m1.l1.wd
492239 973655
635626 637160
## m1.l1.an
868288 909748
## m1.l1.mn
253868 304433
## m1.q0
124752 690531
121333 212203
467372 614355
534778 132443
11636 763244
974352 389313
50993 530501
955421 245652
## m1.k0
865340 750272
851222 687283
973082 844988
752599 353854
## m1.v0
953763 859254
559567 583778
300040 252372
973300 166582
## m1.h0
949322 219644
163598 173726
## m1.q1
712924 335165
742332 821081
497076 584827
865728 20442
365350 389286
779077 720700
59186 76643
958238 39346
## m1.k1
673533 172456
994891 943922
177024 833180
683877 75675
## m1.v1
525753 255612
490360 751338
658281 933152
406940 661073
## m1.h1
342513 602567
920220 419630
## m1.logits
863480 698498 252383
726983 242987 916271
# m1 elapsed_ms 51478
## n1.emb
885440 403958
794772 933488
441001 42450
## n1.head
509532 424604
962838 821872
870163 318046
## n1.gf
271494 536111
## n1.l0.wq
464759 968860
441623 584507
995041 548196
332841 232501
393506 451174
288750 594974
18240 621106
67330 459818
## n1.l0.wk
468621 359305
941477 467772
128844 104493
2386 644998
## n1.l0.wv
71363 97906
380259 515868
821767 536125
291145 9631
## n1.l0.wo
455262 331556 640561 671532 957361 214410 579363 500181
464197 907343 546678 273145 65304 844132 963080 575352
## n1.l0.wg
949158 510433
321056 962396
## n1.l0.wu
508305 920340
142139 274545
## n1.l0.wd
655638 1198
641620 517553
## n1.l0.an
921531 439616
## n1.l0.mn
260448 890781
## n1.l1.wq
905178 918956
624248 386095
495011 891405
517301 739106
521064 472082
812642 923437
754488 893298
288805 509398
## n1.l1.wk
302411 539784
578394 244585
46612 590739
103810 744827
## n1.l1.wv
229999 333264
689210 943145
210248 724036
687402 665682
## n1.l1.wo
854030 967048 566528 213072 838260 632485 573812 616161
301630 466604 96083 625252 836695 403598 332447 603613
## n1.l1.wg
440049 123202
145923 903749
## n1.l1.wu
230147 563103
509166 693244
## n1.l1.wd
499678 72441
94187 711693
## n1.l1.an
440024 879535
## n1.l1.mn
879272 955186
## n1.q0
124752 690531
121333 212203
467372 614355
534778 132443
11636 763244
974352 389313
50993 530501
955421 245652
## n1.k0
865340 750272
851222 687283
973082 844988
752599 353854
## n1.v0
953763 859254
559567 583778
300040 252372
973300 166582
## n1.h0
949322 219644
163598 173726
## n1.q1
712924 335165
742332 821081
497076 584827
865728 20442
365350 389286
779077 720700
59186 76643
958238 39346
## n1.k1
673533 172456
994891 943922
177024 833180
683877 75675
## n1.v1
525753 255612
490360 751338
658281 933152
406940 661073
## n1.h1
342513 602567
920220 419630
## n1.logits
863480 698498 252383
726983 242987 916271
# n1 elapsed_ms 65447
