## orig.emb
152745 481850
477025 997948
808225 183236
## orig.head
767514 366725
454572 531486
838882 115311
## orig.gf
739785 412126
## orig.l0.wq
84047 772497
478093 276212
50213 690818
978281 678953
993083 214418
351640 240863
324435 879655
805325 213772
## orig.l0.wk
187129 147672
197756 936225
363860 388038
656745 429594
## orig.l0.wv
875423 221075
422646 483507
582378 289175
944926 830814
## orig.l0.wo
857754 393319 168214 898087 680046 669469 130121 189422
5919 632041 414728 154774 811074 892860 593659 170435
## orig.l0.wg
882035 27404
958164 698043
## orig.l0.wu
248748 469963
838234 668781
## orig.l0.wd
967118 946175
406491 132765
## orig.l0.an
558788 127205
## orig.l0.mn
201999 175128
## orig.l1.wq
793626 55005
638687 259093
752147 648895
812599 973571
531746 748623
303935 723266
619052 355168
553836 714932
## orig.l1.wk
359942 568831
895663 989174
380631 507053
421250 798492
## orig.l1.wv
64952 853350
106244 933711
314467 683154
455562 264799
## orig.l1.wo
251445 888534 864019 953466 741236 749463 458678 804213
931032 538526 840023 517453 945479 610988 266558 154338
## orig.l1.wg
613786 903181
342630 172705
## orig.l1.wu
57237 790497
288516 740485
## orig.l1.wd
729787 126881
752671 53184
## orig.l1.an
654178 580861
## orig.l1.mn
61048 708812
## orig.q0
87598 399092
398080 823242
560943 688453
266971 753307
211762 244421
125138 823743
643888 801067
380450 376032
## orig.k0
720240 940276
118692 10969
184548 988335
521605 498679
## orig.v0
911760 179828
851972 638790
203697 429021
65664 501723
## orig.h0
872265 206857
410659 943088
## orig.q1
894155 625124
665466 790070
722104 384065
208246 47195
854337 592987
863687 137982
508902 824861
904097 871760
## orig.k1
450392 287269
758602 304801
426337 310724
305547 137687
## orig.v1
619746 78447
587816 487101
602489 591733
955379 48149
## orig.h1
144531 391201
849003 232506
## orig.logits
280448 748481 174097
902740 21098 950913
## fold.emb
152745 481850
477025 997948
808225 183236
## fold.head
641111 453942
538168 542122
458600 518620
## fold.gf
1 1
## fold.l0.wq
314144 186090
829831 442055
337670 240065
43478 957270
198641 959868
622847 886001
840913 178587
596088 785684
## fold.l0.wk
125957 560408
348219 143849
991723 225710
124120 340832
## fold.l0.wv
399802 761012
804544 323423
861592 395523
725655 377821
## fold.l0.wo
857754 393319 168214 898087 680046 669469 130121 189422
5919 632041 414728 154774 811074 892860 593659 170435
## fold.l0.wg
653458 193315
589195 507766
## fold.l0.wu
696514 433355
921803 927605
## fold.l0.wd
967118 946175
406491 132765
## fold.l0.an
1 1
## fold.l0.mn
1 1
## fold.l1.wq
111915 163455
730847 567585
544058 667847
793876 728110
491223 599871
993952 751681
984352 620742
239890 870630
## fold.l1.wk
431281 752261
272251 875104
679321 429055
655787 470179
## fold.l1.wv
41986 247322
278926 678109
775978 325146
743985 950509
## fold.l1.wo
251445 888534 864019 953466 741236 749463 458678 804213
931032 538526 840023 517453 945479 610988 266558 154338
## fold.l1.wg
295318 610423
813492 9215
## fold.l1.wu
193894 78628
271929 79231
## fold.l1.wd
729787 126881
752671 53184
## fold.l1.an
1 1
## fold.l1.mn
1 1
## fold.q0
87598 399092
398080 823242
560943 688453
266971 753307
211762 244421
125138 823743
643888 801067
380450 376032
## fold.k0
720240 940276
118692 10969
184548 988335
521605 498679
## fold.v0
911760 179828
851972 638790
203697 429021
65664 501723
## fold.h0
872265 206857
410659 943088
## fold.q1
894155 625124
665466 790070
722104 384065
208246 47195
854337 592987
863687 137982
508902 824861
904097 871760
## fold.k1
450392 287269
758602 304801
426337 310724
305547 137687
## fold.v1
619746 78447
587816 487101
602489 591733
955379 48149
## fold.h1
144531 391201
849003 232506
## fold.logits
280448 748481 174097
902740 21098 950913
## orig1.q0
87598 399092
398080 823242
560943 688453
266971 753307
211762 244421
125138 823743
643888 801067
380450 376032
## orig1.k0
720240 940276
118692 10969
184548 988335
521605 498679
## orig1.v0
911760 179828
851972 638790
203697 429021
65664 501723
## orig1.h0
872265 206857
410659 943088
## orig1.logits
501690 184110 564664
597466 79571 818658
## orig1.logits_def
501690 184110 564664
597466 79571 818658
## h1.emb
518153 152745
2055 477025
816767 808225
## h1.head
633278 767514
468517 454572
884692 838882
## h1.gf
412126 739785
## h1.l0.wq
227506 84047
723791 478093
309185 50213
321050 978281
785585 993083
759140 351640
120348 324435
786231 805325
## h1.l0.wk
852331 187129
63778 197756
611965 363860
570409 656745
## h1.l0.wv
778928 875423
516496 422646
710828 582378
169189 944926
## h1.l0.wo
994084 367962 585275 845229 188929 107143 406344 829568
857754 393319 168214 898087 680046 669469 130121 189422
## h1.l0.wg
972599 882035
301960 958164
## h1.l0.wu
530040 248748
331222 838234
## h1.l0.wd
593512 867238
967118 946175
## h1.l0.an
127205 558788
## h1.l0.mn
175128 201999
## h1.l1.wq
944998 793626
740910 638687
351108 752147
26432 812599
251380 531746
276737 303935
644835 619052
285071 553836
## h1.l1.wk
431172 359942
10829 895663
492950 380631
201511 421250
## h1.l1.wv
146653 64952
66292 106244
316849 314467
735204 455562
## h1.l1.wo
68971 461477 159980 482550 54524 389015 733445 845665
251445 888534 864019 953466 741236 749463 458678 804213
## h1.l1.wg
96822 613786
827298 342630
## h1.l1.wu
209506 57237
259518 288516
## h1.l1.wd
247332 946819
729787 126881
## h1.l1.an
580861 654178
## h1.l1.mn
708812 61048
## h1.q0
87598 399092
398080 823242
560943 688453
266971 753307
211762 244421
125138 823743
643888 801067
380450 376032
## h1.k0
720240 940276
118692 10969
184548 988335
521605 498679
## h1.v0
911760 179828
851972 638790
203697 429021
65664 501723
## h1.h0
793146 872265
56915 410659
## h1.q1
894155 625124
665466 790070
722104 384065
208246 47195
854337 592987
863687 137982
508902 824861
904097 871760
## h1.k1
450392 287269
758602 304801
426337 310724
305547 137687
## h1.v1
619746 78447
587816 487101
602489 591733
955379 48149
## h1.h1
608802 144531
767497 849003
## h1.logits
280448 748481 174097
902740 21098 950913
## h4.emb
896018 550673
53971 731102
891137 733542
## h4.head
502864 762732
408522 74193
32893 169007
## h4.gf
1 1
## h4.l0.wq
36009 748961
723497 476025
227934 648648
263134 182245
854205 995426
917103 966265
144117 2264
939345 836131
## h4.l0.wk
82164 492780
848839 283449
805075 385322
178935 717004
## h4.l0.wv
981622 182041
712867 782027
178603 573828
793508 141767
## h4.l0.wo
54136 110805 733386 832919 256808 645099 870013 437856
226363 823412 913717 309136 1041 283019 465234 64057
## h4.l0.wg
731920 341133
233736 770388
## h4.l0.wu
678835 787055
788637 60442
## h4.l0.wd
632886 987409
353840 164977
## h4.l0.an
1 1
## h4.l0.mn
1 1
## h4.l1.wq
273395 283392
437150 349533
329652 126852
898605 665359
839587 433752
716785 181144
401420 199098
630522 776540
## h4.l1.wk
195796 667359
372279 184133
966825 645347
262449 843428
## h4.l1.wv
657357 744611
953862 835942
898848 74124
325350 935735
## h4.l1.wo
551845 720226 388478 813631 513889 926119 623191 94398
799667 749342 867163 198739 930635 115011 658853 186617
## h4.l1.wg
662250 562320
153644 665185
## h4.l1.wu
703141 388749
917572 115814
## h4.l1.wd
542763 53974
288979 13232
## h4.l1.an
1 1
## h4.l1.mn
1 1
## h4.q0
87598 399092
398080 823242
560943 688453
266971 753307
211762 244421
125138 823743
643888 801067
380450 376032
## h4.k0
720240 940276
118692 10969
184548 988335
521605 498679
## h4.v0
911760 179828
851972 638790
203697 429021
65664 501723
## h4.h0
121513 767494
927700 353476
## h4.q1
894155 625124
665466 790070
722104 384065
208246 47195
854337 592987
863687 137982
508902 824861
904097 871760
## h4.k1
450392 287269
758602 304801
426337 310724
305547 137687
## h4.v1
619746 78447
587816 487101
602489 591733
955379 48149
## h4.h1
817071 334969
377788 956466
## h4.logits
280448 748481 174097
902740 21098 950913
## ov.emb
152745 481850
477025 997948
808225 183236
## ov.head
767514 366725
454572 531486
838882 115311
## ov.gf
739785 412126
## ov.l0.wq
84047 772497
478093 276212
50213 690818
978281 678953
993083 214418
351640 240863
324435 879655
805325 213772
## ov.l0.wk
187129 147672
197756 936225
363860 388038
656745 429594
## ov.l0.wv
862228 823773
419245 657431
731935 66188
224648 568702
## ov.l0.wo
139498 384697 995650 815318 721926 423660 901321 730181
160816 322046 469566 446993 39865 385390 779933 140751
## ov.l0.wg
882035 27404
958164 698043
## ov.l0.wu
248748 469963
838234 668781
## ov.l0.wd
967118 946175
406491 132765
## ov.l0.an
558788 127205
## ov.l0.mn
201999 175128
## ov.l1.wq
793626 55005
638687 259093
752147 648895
812599 973571
531746 748623
303935 723266
619052 355168
553836 714932
## ov.l1.wk
359942 568831
895663 989174
380631 507053
421250 798492
## ov.l1.wv
814710 568188
547432 829455
876268 888993
480115 446446
## ov.l1.wo
243574 130251 767750 404237 792369 166652 522379 494693
637726 89953 742831 823230 864636 233071 32292 912285
## ov.l1.wg
613786 903181
342630 172705
## ov.l1.wu
57237 790497
288516 740485
## ov.l1.wd
729787 126881
752671 53184
## ov.l1.an
654178 580861
## ov.l1.mn
61048 708812
## ov.q0
87598 399092
398080 823242
560943 688453
266971 753307
211762 244421
125138 823743
643888 801067
380450 376032
## ov.k0
720240 940276
118692 10969
184548 988335
521605 498679
## ov.v0
327500 472294
363405 239401
254808 871752
307154 166763
## ov.h0
872265 206857
410659 943088
## ov.q1
894155 625124
665466 790070
722104 384065
208246 47195
854337 592987
863687 137982
508902 824861
904097 871760
## ov.k1
450392 287269
758602 304801
426337 310724
305547 137687
## ov.v1
604093 116301
956492 655318
779003 557414
108592 464174
## ov.h1
144531 391201
849003 232506
## ov.logits
280448 748481 174097
902740 21098 950913
## qk.emb
152745 481850
477025 997948
808225 183236
## qk.head
767514 366725
454572 531486
838882 115311
## qk.gf
739785 412126
## qk.l0.wq
794521 167397
384346 643698
175066 312696
215975 241304
812974 999900
704290 504483
154663 255165
428263 137433
## qk.l0.wk
64420 365165
655045 619257
898034 840308
903828 354151
## qk.l0.wv
875423 221075
422646 483507
582378 289175
944926 830814
## qk.l0.wo
857754 393319 168214 898087 680046 669469 130121 189422
5919 632041 414728 154774 811074 892860 593659 170435
## qk.l0.wg
882035 27404
958164 698043
## qk.l0.wu
248748 469963
838234 668781
## qk.l0.wd
967118 946175
406491 132765
## qk.l0.an
558788 127205
## qk.l0.mn
201999 175128
## qk.l1.wq
94037 960278
728159 320670
199506 161604
451604 72161
3604 861911
837063 611454
97097 625369
212365 426776
## qk.l1.wk
166673 720108
157798 445640
504118 559682
336531 738529
## qk.l1.wv
64952 853350
106244 933711
314467 683154
455562 264799
## qk.l1.wo
251445 888534 864019 953466 741236 749463 458678 804213
931032 538526 840023 517453 945479 610988 266558 154338
## qk.l1.wg
613786 903181
342630 172705
## qk.l1.wu
57237 790497
288516 740485
## qk.l1.wd
729787 126881
752671 53184
## qk.l1.an
654178 580861
## qk.l1.mn
61048 708812
## qk.q0
701925 775764
262429 521436
362604 954021
427695 955837
21278 998766
984011 346501
460140 179471
366598 13943
## qk.k0
948082 994110
547330 132826
331112 947569
578074 329169
## qk.v0
911760 179828
851972 638790
203697 429021
65664 501723
## qk.h0
872265 206857
410659 943088
## qk.q1
553697 299033
478596 994629
208882 236193
187285 801823
681465 813700
943730 245345
887153 867728
582991 246842
## qk.k1
365478 886155
359260 576510
144925 587791
964675 840588
## qk.v1
619746 78447
587816 487101
602489 591733
955379 48149
## qk.h1
144531 391201
849003 232506
## qk.logits
280448 748481 174097
902740 21098 950913
## hp.emb
152745 481850
477025 997948
808225 183236
## hp.head
767514 366725
454572 531486
838882 115311
## hp.gf
739785 412126
## hp.l0.wq
993083 214418
351640 240863
324435 879655
805325 213772
84047 772497
478093 276212
50213 690818
978281 678953
## hp.l0.wk
363860 388038
656745 429594
187129 147672
197756 936225
## hp.l0.wv
582378 289175
944926 830814
875423 221075
422646 483507
## hp.l0.wo
680046 669469 130121 189422 857754 393319 168214 898087
811074 892860 593659 170435 5919 632041 414728 154774
## hp.l0.wg
882035 27404
958164 698043
## hp.l0.wu
248748 469963
838234 668781
## hp.l0.wd
967118 946175
406491 132765
## hp.l0.an
558788 127205
## hp.l0.mn
201999 175128
## hp.l1.wq
793626 55005
638687 259093
752147 648895
812599 973571
531746 748623
303935 723266
619052 355168
553836 714932
## hp.l1.wk
359942 568831
895663 989174
380631 507053
421250 798492
## hp.l1.wv
64952 853350
106244 933711
314467 683154
455562 264799
## hp.l1.wo
251445 888534 864019 953466 741236 749463 458678 804213
931032 538526 840023 517453 945479 610988 266558 154338
## hp.l1.wg
613786 903181
342630 172705
## hp.l1.wu
57237 790497
288516 740485
## hp.l1.wd
729787 126881
752671 53184
## hp.l1.an
654178 580861
## hp.l1.mn
61048 708812
## hp.q0
211762 244421
125138 823743
643888 801067
380450 376032
87598 399092
398080 823242
560943 688453
266971 753307
## hp.k0
184548 988335
521605 498679
720240 940276
118692 10969
## hp.v0
203697 429021
65664 501723
911760 179828
851972 638790
## hp.h0
872265 206857
410659 943088
## hp.q1
894155 625124
665466 790070
722104 384065
208246 47195
854337 592987
863687 137982
508902 824861
904097 871760
## hp.k1
450392 287269
758602 304801
426337 310724
305547 137687
## hp.v1
619746 78447
587816 487101
602489 591733
955379 48149
## hp.h1
144531 391201
849003 232506
## hp.logits
280448 748481 174097
902740 21098 950913
## m1.emb
152745 481850
477025 997948
808225 183236
## m1.head
767514 366725
454572 531486
838882 115311
## m1.gf
739785 412126
## m1.l0.wq
84047 772497
478093 276212
50213 690818
978281 678953
993083 214418
351640 240863
324435 879655
805325 213772
## m1.l0.wk
187129 147672
197756 936225
363860 388038
656745 429594
## m1.l0.wv
875423 221075
422646 483507
582378 289175
944926 830814
## m1.l0.wo
857754 393319 168214 898087 680046 669469 130121 189422
5919 632041 414728 154774 811074 892860 593659 170435
## m1.l0.wg
882035 27404
958164 698043
## m1.l0.wu
438438 694259
171344 508818
## m1.l0.wd
688008 677421
797715 363631
## m1.l0.an
558788 127205
## m1.l0.mn
201999 175128
## m1.l1.wq
793626 55005
638687 259093
752147 648895
812599 973571
531746 748623
303935 723266
619052 355168
553836 714932
## m1.l1.wk
359942 568831
895663 989174
380631 507053
421250 798492
## m1.l1.wv
64952 853350
106244 933711
314467 683154
455562 264799
## m1.l1.wo
251445 888534 864019 953466 741236 749463 458678 804213
931032 538526 840023 517453 945479 610988 266558 154338
## m1.l1.wg
613786 903181
342630 172705
## m1.l1.wu
863445 644334
84771 585295
## m1.l1.wd
737464 776283
646588 63057
## m1.l1.an
654178 580861
## m1.l1.mn
61048 708812
## m1.q0
87598 399092
398080 823242
560943 688453
266971 753307
211762 244421
125138 823743
643888 801067
380450 376032
## m1.k0
720240 940276
118692 10969
184548 988335
521605 498679
## m1.v0
911760 179828
851972 638790
203697 429021
65664 501723
## m1.h0
872265 206857
410659 943088
## m1.q1
894155 625124
665466 790070
722104 384065
208246 47195
854337 592987
863687 137982
508902 824861
904097 871760
## m1.k1
450392 287269
758602 304801
426337 310724
305547 137687
## m1.v1
619746 78447
587816 487101
602489 591733
955379 48149
## m1.h1
144531 391201
849003 232506
## m1.logits
280448 748481 174097
902740 21098 950913
## n1.emb
152745 481850
477025 997948
808225 183236
## n1.head
767514 366725
454572 531486
838882 115311
## n1.gf
739785 412126
## n1.l0.wq
951788 305628
471533 6040
787276 730081
748849 493191
959676 535891
673491 593585
298910 353212
781974 411320
## n1.l0.wk
746437 355409
516025 271107
597305 517241
693568 307731
## n1.l0.wv
346255 93578
362717 931535
827096 281287
556637 487649
## n1.l0.wo
857754 393319 168214 898087 680046 669469 130121 189422
5919 632041 414728 154774 811074 892860 593659 170435
## n1.l0.wg
651273 177444
356331 628493
## n1.l0.wu
57928 160702
73380 40827
## n1.l0.wd
967118 946175
406491 132765
## n1.l0.an
426584 204544
## n1.l0.mn
346961 238787
## n1.l1.wq
50245 139754
581124 316339
323426 614226
916709 19308
242787 480844
39369 551879
925827 590439
405025 923888
## n1.l1.wk
839029 64961
254964 140326
460238 303491
349596 372533
## n1.l1.wv
789303 735912
747977 812955
858144 443165
604223 819739
## n1.l1.wo
251445 888534 864019 953466 741236 749463 458678 804213
931032 538526 840023 517453 945479 610988 266558 154338
## n1.l1.wg
993939 203599
949735 612864
## n1.l1.wu
128141 608697
756045 213748
## n1.l1.wd
729787 126881
752671 53184
## n1.l1.an
959006 653344
## n1.l1.mn
338013 835599
## n1.q0
87598 399092
398080 823242
560943 688453
266971 753307
211762 244421
125138 823743
643888 801067
380450 376032
## n1.k0
720240 940276
118692 10969
184548 988335
521605 498679
## n1.v0
911760 179828
851972 638790
203697 429021
65664 501723
## n1.h0
872265 206857
410659 943088
## n1.q1
894155 625124
665466 790070
722104 384065
208246 47195
854337 592987
863687 137982
508902 824861
904097 871760
## n1.k1
450392 287269
758602 304801
426337 310724
305547 137687
## n1.v1
619746 78447
587816 487101
602489 591733
955379 48149
## n1.h1
144531 391201
849003 232506
## n1.logits
280448 748481 174097
902740 21098 950913
## sigma
1 0
## sigma_heads
2 3 0 1
0 1 2 3
