## sigma
1 0
## sigma_heads
2 3 1 0
0 1 2 3
## orig1.q0
168888 120457
151426 953466
845295 409638
97433 586935
553043 670486
46022 48817
533429 463320
38255 177832
## orig1.k0
27246 518432
992944 383648
926574 846748
454603 204461
## orig1.v0
110194 107947
401574 719023
572614 346065
196540 128776
## orig1.h0
439420 58432
686850 406493
## orig1.logits
717641 683292 70649
350050 332170 520501
# orig1 tables elapsed_ms 14983
## orig1.logits_def
717641 683292 70649
350050 332170 520501
# orig1 definition elapsed_ms 173233
## orig.emb
47824 945361
213329 770183
743570 31837
## orig.head
901786 837506
279668 960876
12030 725451
## orig.gf
149788 647717
## orig.l0.wq
175332 753539
17014 459911
291647 460790
482135 243125
202224 679809
894251 126946
314598 738603
734870 406108
## orig.l0.wk
367997 680762
105845 485936
455697 241008
718961 992098
## orig.l0.wv
510664 308715
673391 750239
127652 771419
146696 904883
## orig.l0.wo
136454 505471 515551 168347 902805 198937 401766 511244
860126 995878 116604 594577 236335 573727 705991 681121
## orig.l0.wg
832202 129319
152744 961637
## orig.l0.wu
567801 682470
249029 657688
## orig.l0.wd
785762 48084
608276 721969
## orig.l0.an
461343 744348
## orig.l0.mn
823751 341581
## orig.l1.wq
177512 492654
488890 613349
719209 303846
295504 924288
226477 110764
207153 751144
332508 940322
264452 582033
## orig.l1.wk
840113 378605
69377 865738
853898 269840
749249 539655
## orig.l1.wv
361806 998656
540258 2025
147190 554689
213727 322712
## orig.l1.wo
744539 708184 73039 20598 469677 335124 123502 324654
362349 943964 14319 796129 274404 676229 904204 380925
## orig.l1.wg
255610 32497
547696 572299
## orig.l1.wu
930353 711693
771335 449801
## orig.l1.wd
222269 502587
502206 236251
## orig.l1.an
373938 821809
## orig.l1.mn
288860 103703
## orig.q0
168888 120457
151426 953466
845295 409638
97433 586935
553043 670486
46022 48817
533429 463320
38255 177832
## orig.k0
27246 518432
992944 383648
926574 846748
454603 204461
## orig.v0
110194 107947
401574 719023
572614 346065
196540 128776
## orig.h0
439420 58432
686850 406493
## orig.q1
197973 211337
22059 361596
353230 727704
963551 124367
967508 238667
280134 898310
126956 726694
201957 250253
## orig.k1
351083 309394
675090 69363
72544 832975
955689 936294
## orig.v1
594166 56772
817239 251068
594936 828917
602358 473181
## orig.h1
93855 789210
695325 362753
## orig.logits
938765 988341 16966
855954 88577 806237
# orig elapsed_ms 28351
## fold.emb
47824 945361
213329 770183
743570 31837
## fold.head
316140 246407
784714 852973
944237 535712
## fold.gf
1 1
## fold.l0.wq
948215 564893
266255 806032
898277 85959
940021 64593
346950 951496
201428 717735
149703 16516
113332 770732
## fold.l0.wk
330655 313010
703345 404616
990378 284605
629565 946715
## fold.l0.wv
554982 703450
292124 223861
179963 467206
969700 830649
## fold.l0.wo
136454 505471 515551 168347 902805 198937 401766 511244
860126 995878 116604 594577 236335 573727 705991 681121
## fold.l0.wg
173127 780823
645278 942672
## fold.l0.wu
238376 85716
272368 50769
## fold.l0.wd
785762 48084
608276 721969
## fold.l0.an
1 1
## fold.l0.mn
1 1
## fold.l1.wq
283122 276488
378 216179
768228 628308
843255 918237
102362 578998
146128 47611
3493 764212
355312 522743
## fold.l1.wk
232547 63025
618800 145635
952415 275292
832049 5419
## fold.l1.wv
606152 26598
389938 158233
769103 44860
407166 830390
## fold.l1.wo
744539 708184 73039 20598 469677 335124 123502 324654
362349 943964 14319 796129 274404 676229 904204 380925
## fold.l1.wg
283095 26281
991942 945153
## fold.l1.wu
961360 477767
159679 573168
## fold.l1.wd
222269 502587
502206 236251
## fold.l1.an
1 1
## fold.l1.mn
1 1
## fold.q0
168888 120457
151426 953466
845295 409638
97433 586935
553043 670486
46022 48817
533429 463320
38255 177832
## fold.k0
27246 518432
992944 383648
926574 846748
454603 204461
## fold.v0
110194 107947
401574 719023
572614 346065
196540 128776
## fold.h0
439420 58432
686850 406493
## fold.q1
197973 211337
22059 361596
353230 727704
963551 124367
967508 238667
280134 898310
126956 726694
201957 250253
## fold.k1
351083 309394
675090 69363
72544 832975
955689 936294
## fold.v1
594166 56772
817239 251068
594936 828917
602358 473181
## fold.h1
93855 789210
695325 362753
## fold.logits
938765 988341 16966
855954 88577 806237
# fold elapsed_ms 56978
## h1.emb
54642 952179
229820 786674
968166 256433
## h1.head
162497 98217
39127 720335
274552 987973
## h1.gf
647717 149788
## h1.l0.wq
246464 824671
540092 982989
539213 708356
756878 517868
320194 797779
873057 105752
261400 685405
593895 265133
## h1.l0.wk
319241 632006
514067 894158
758995 544306
7905 281042
## h1.l0.wv
691288 489339
249764 326612
228584 872351
95120 853307
## h1.l0.wo
139877 4125 883399 405426 763668 426276 294012 318882
863549 494532 484452 831656 97198 801066 598237 488759
## h1.l0.wg
870684 167801
38366 847259
## h1.l0.wu
317533 432202
342315 750974
## h1.l0.wd
391727 278034
214241 951919
## h1.l0.an
744348 461343
## h1.l0.mn
341581 823751
## h1.l1.wq
507349 822491
386654 511113
696157 280794
75715 704499
889239 773526
248859 792850
59681 667495
417970 735551
## h1.l1.wk
621398 159890
134265 930626
730163 146105
460348 250754
## h1.l1.wv
1347 638197
997978 459745
445314 852813
677291 786276
## h1.l1.wo
637654 56039 985684 203874 725599 323774 95799 619078
255464 291819 926964 979405 530326 664879 876501 675349
## h1.l1.wg
967506 744393
427704 452307
## h1.l1.wu
288310 69650
550202 228668
## h1.l1.wd
497797 763752
777734 497416
## h1.l1.an
821809 373938
## h1.l1.mn
103703 288860
## h1.q0
168888 120457
151426 953466
845295 409638
97433 586935
553043 670486
46022 48817
533429 463320
38255 177832
## h1.k0
27246 518432
992944 383648
926574 846748
454603 204461
## h1.v0
110194 107947
401574 719023
572614 346065
196540 128776
## h1.h0
941571 560583
593510 313153
## h1.q1
197973 211337
22059 361596
353230 727704
963551 124367
967508 238667
280134 898310
126956 726694
201957 250253
## h1.k1
351083 309394
675090 69363
72544 832975
955689 936294
## h1.v1
594166 56772
817239 251068
594936 828917
602358 473181
## h1.h1
210793 906148
637250 304678
## h1.logits
938765 988341 16966
855954 88577 806237
# h1 elapsed_ms 67665
## h4.emb
512784 469261
576958 782665
227674 434330
## h4.head
290042 518765
503895 459476
290314 719563
## h4.gf
1 1
## h4.l0.wq
641247 105682
88187 525041
55348 672482
894283 714294
627164 436842
190316 477401
307675 967877
388042 277253
## h4.l0.wk
274583 282156
935069 92428
322986 236438
988138 723717
## h4.l0.wv
566845 36486
751235 861596
241955 774640
709684 279645
## h4.l0.wo
922808 859344 670982 606733 183503 714255 749917 333816
491466 986391 411059 786158 156497 346970 137195 875575
## h4.l0.wg
476639 730248
19001 549408
## h4.l0.wu
961956 782725
728964 608999
## h4.l0.wd
845231 812336
967563 934773
## h4.l0.an
1 1
## h4.l0.mn
1 1
## h4.l1.wq
920687 323352
705766 163946
469754 952326
787745 809432
510295 867555
187225 132703
372976 392999
610562 446163
## h4.l1.wk
7026 653271
769821 655475
198892 992509
769083 743747
## h4.l1.wv
627592 31750
674168 870884
873933 801999
506911 137892
## h4.l1.wo
463293 768473 632117 24302 63033 789842 55851 994521
248003 764704 458303 472164 625655 818356 982402 322122
## h4.l1.wg
212535 348859
822070 94045
## h4.l1.wu
893243 160179
740587 423417
## h4.l1.wd
201658 593532
467638 379723
## h4.l1.an
1 1
## h4.l1.mn
1 1
## h4.q0
168888 120457
151426 953466
845295 409638
97433 586935
553043 670486
46022 48817
533429 463320
38255 177832
## h4.k0
27246 518432
992944 383648
926574 846748
454603 204461
## h4.v0
110194 107947
401574 719023
572614 346065
196540 128776
## h4.h0
496625 506765
932839 236649
## h4.q1
197973 211337
22059 361596
353230 727704
963551 124367
967508 238667
280134 898310
126956 726694
201957 250253
## h4.k1
351083 309394
675090 69363
72544 832975
955689 936294
## h4.v1
594166 56772
817239 251068
594936 828917
602358 473181
## h4.h1
761912 291375
137509 825154
## h4.logits
938765 988341 16966
855954 88577 806237
# h4 elapsed_ms 89321
## ov.emb
47824 945361
213329 770183
743570 31837
## ov.head
901786 837506
279668 960876
12030 725451
## ov.gf
149788 647717
## ov.l0.wq
175332 753539
17014 459911
291647 460790
482135 243125
202224 679809
894251 126946
314598 738603
734870 406108
## ov.l0.wk
367997 680762
105845 485936
455697 241008
718961 992098
## ov.l0.wv
600318 21141
66007 84697
556830 305758
478528 466488
## ov.l0.wo
244582 987777 820710 689051 545695 370795 583478 479000
485619 481941 783176 899205 19862 423918 250559 311293
## ov.l0.wg
832202 129319
152744 961637
## ov.l0.wu
567801 682470
249029 657688
## ov.l0.wd
785762 48084
608276 721969
## ov.l0.an
461343 744348
## ov.l0.mn
823751 341581
## ov.l1.wq
177512 492654
488890 613349
719209 303846
295504 924288
226477 110764
207153 751144
332508 940322
264452 582033
## ov.l1.wk
840113 378605
69377 865738
853898 269840
749249 539655
## ov.l1.wv
822521 419350
138218 818165
414680 541458
112516 577616
## ov.l1.wo
749208 574553 246629 837579 744558 703742 52119 550205
204501 69726 159994 304494 972484 351808 726734 475640
## ov.l1.wg
255610 32497
547696 572299
## ov.l1.wu
930353 711693
771335 449801
## ov.l1.wd
222269 502587
502206 236251
## ov.l1.an
373938 821809
## ov.l1.mn
288860 103703
## ov.q0
168888 120457
151426 953466
845295 409638
97433 586935
553043 670486
46022 48817
533429 463320
38255 177832
## ov.k0
27246 518432
992944 383648
926574 846748
454603 204461
## ov.v0
374684 820991
939030 956632
609623 547285
897801 645620
## ov.h0
439420 58432
686850 406493
## ov.q1
197973 211337
22059 361596
353230 727704
963551 124367
967508 238667
280134 898310
126956 726694
201957 250253
## ov.k1
351083 309394
675090 69363
72544 832975
955689 936294
## ov.v1
258627 883734
734648 252367
544670 481719
552263 42189
## ov.h1
93855 789210
695325 362753
## ov.logits
938765 988341 16966
855954 88577 806237
# ov elapsed_ms 104468
## qk.emb
47824 945361
213329 770183
743570 31837
## qk.head
901786 837506
279668 960876
12030 725451
## qk.gf
149788 647717
## qk.l0.wq
431725 947009
235832 554853
985135 652350
603021 166687
593579 281312
398569 506996
613793 975721
917502 185829
## qk.l0.wk
257981 896063
105053 55735
175889 141086
884827 82400
## qk.l0.wv
510664 308715
673391 750239
127652 771419
146696 904883
## qk.l0.wo
136454 505471 515551 168347 902805 198937 401766 511244
860126 995878 116604 594577 236335 573727 705991 681121
## qk.l0.wg
832202 129319
152744 961637
## qk.l0.wu
567801 682470
249029 657688
## qk.l0.wd
785762 48084
608276 721969
## qk.l0.an
461343 744348
## qk.l0.mn
823751 341581
## qk.l1.wq
857654 999659
811987 608565
112372 505533
243633 799621
249423 765068
90320 596599
895330 64739
82236 543579
## qk.l1.wk
955309 853308
436894 643802
583793 758960
798911 292701
## qk.l1.wv
361806 998656
540258 2025
147190 554689
213727 322712
## qk.l1.wo
744539 708184 73039 20598 469677 335124 123502 324654
362349 943964 14319 796129 274404 676229 904204 380925
## qk.l1.wg
255610 32497
547696 572299
## qk.l1.wu
930353 711693
771335 449801
## qk.l1.wd
222269 502587
502206 236251
## qk.l1.an
373938 821809
## qk.l1.mn
288860 103703
## qk.q0
220702 501035
523384 249596
221534 726842
315107 807495
684186 103792
782751 775923
880254 872704
537631 592526
## qk.k0
560243 812973
8391 920048
247350 131974
728379 681691
## qk.v0
110194 107947
401574 719023
572614 346065
196540 128776
## qk.h0
439420 58432
686850 406493
## qk.q1
162231 509841
577045 412183
698068 34309
477448 61586
414652 302609
890878 581993
602151 135437
140182 300364
## qk.k1
997091 288264
379357 351679
541794 546279
862320 453607
## qk.v1
594166 56772
817239 251068
594936 828917
602358 473181
## qk.h1
93855 789210
695325 362753
## qk.logits
938765 988341 16966
855954 88577 806237
# qk elapsed_ms 38810
## hp.emb
47824 945361
213329 770183
743570 31837
## hp.head
901786 837506
279668 960876
12030 725451
## hp.gf
149788 647717
## hp.l0.wq
202224 679809
894251 126946
314598 738603
734870 406108
291647 460790
482135 243125
175332 753539
17014 459911
## hp.l0.wk
455697 241008
718961 992098
367997 680762
105845 485936
## hp.l0.wv
127652 771419
146696 904883
510664 308715
673391 750239
## hp.l0.wo
902805 198937 401766 511244 515551 168347 136454 505471
236335 573727 705991 681121 116604 594577 860126 995878
## hp.l0.wg
832202 129319
152744 961637
## hp.l0.wu
567801 682470
249029 657688
## hp.l0.wd
785762 48084
608276 721969
## hp.l0.an
461343 744348
## hp.l0.mn
823751 341581
## hp.l1.wq
177512 492654
488890 613349
719209 303846
295504 924288
226477 110764
207153 751144
332508 940322
264452 582033
## hp.l1.wk
840113 378605
69377 865738
853898 269840
749249 539655
## hp.l1.wv
361806 998656
540258 2025
147190 554689
213727 322712
## hp.l1.wo
744539 708184 73039 20598 469677 335124 123502 324654
362349 943964 14319 796129 274404 676229 904204 380925
## hp.l1.wg
255610 32497
547696 572299
## hp.l1.wu
930353 711693
771335 449801
## hp.l1.wd
222269 502587
502206 236251
## hp.l1.an
373938 821809
## hp.l1.mn
288860 103703
## hp.q0
553043 670486
46022 48817
533429 463320
38255 177832
845295 409638
97433 586935
168888 120457
151426 953466
## hp.k0
926574 846748
454603 204461
27246 518432
992944 383648
## hp.v0
572614 346065
196540 128776
110194 107947
401574 719023
## hp.h0
439420 58432
686850 406493
## hp.q1
197973 211337
22059 361596
353230 727704
963551 124367
967508 238667
280134 898310
126956 726694
201957 250253
## hp.k1
351083 309394
675090 69363
72544 832975
955689 936294
## hp.v1
594166 56772
817239 251068
594936 828917
602358 473181
## hp.h1
93855 789210
695325 362753
## hp.logits
938765 988341 16966
855954 88577 806237
# hp elapsed_ms 63685
## m1.emb
47824 945361
213329 770183
743570 31837
## m1.head
901786 837506
279668 960876
12030 725451
## m1.gf
149788 647717
## m1.l0.wq
175332 753539
17014 459911
291647 460790
482135 243125
202224 679809
894251 126946
314598 738603
734870 406108
## m1.l0.wk
367997 680762
105845 485936
455697 241008
718961 992098
## m1.l0.wv
510664 308715
673391 750239
127652 771419
146696 904883
## m1.l0.wo
136454 505471 515551 168347 902805 198937 401766 511244
860126 995878 116604 594577 236335 573727 705991 681121
## m1.l0.wg
152744 961637
832202 129319
## m1.l0.wu
695915 578009
678951 54474
## m1.l0.wd
668722 716406
816846 637423
## m1.l0.an
461343 744348
## m1.l0.mn
823751 341581
## m1.l1.wq
177512 492654
488890 613349
719209 303846
295504 924288
226477 110764
207153 751144
332508 940322
264452 582033
## m1.l1.wk
840113 378605
69377 865738
853898 269840
749249 539655
## m1.l1.wv
361806 998656
540258 2025
147190 554689
213727 322712
## m1.l1.wo
744539 708184 73039 20598 469677 335124 123502 324654
362349 943964 14319 796129 274404 676229 904204 380925
## m1.l1.wg
255610 32497
547696 572299
## m1.l1.wu
678325 224226
175015 77472
## m1.l1.wd
24537 314727
523676 298336
## m1.l1.an
373938 821809
## m1.l1.mn
288860 103703
## m1.q0
168888 120457
151426 953466
845295 409638
97433 586935
553043 670486
46022 48817
533429 463320
38255 177832
## m1.k0
27246 518432
992944 383648
926574 846748
454603 204461
## m1.v0
110194 107947
401574 719023
572614 346065
196540 128776
## m1.h0
439420 58432
686850 406493
## m1.q1
197973 211337
22059 361596
353230 727704
963551 124367
967508 238667
280134 898310
126956 726694
201957 250253
## m1.k1
351083 309394
675090 69363
72544 832975
955689 936294
## m1.v1
594166 56772
817239 251068
594936 828917
602358 473181
## m1.h1
93855 789210
695325 362753
## m1.logits
938765 988341 16966
855954 88577 806237
# m1 elapsed_ms 92512
## n1.emb
47824 945361
213329 770183
743570 31837
## n1.head
901786 837506
279668 960876
12030 725451
## n1.gf
149788 647717
## n1.l0.wq
955260 383046
629144 171285
600884 609668
632624 630886
228732 606162
967263 725601
421704 395937
249070 197167
## n1.l0.wk
796547 964272
549640 386170
624439 886798
503507 453463
## n1.l0.wv
682042 237773
223266 989806
173343 95519
891776 156012
## n1.l0.wo
136454 505471 515551 168347 902805 198937 401766 511244
860126 995878 116604 594577 236335 573727 705991 681121
## n1.l0.wg
443088 187820
514630 597355
## n1.l0.wu
782256 863589
270384 385185
## n1.l0.wd
785762 48084
608276 721969
## n1.l0.an
723759 830617
## n1.l0.mn
977044 172079
## n1.l1.wq
514267 626389
641543 93309
613275 187177
4549 96210
99015 408420
304536 500862
169056 815982
442442 152913
## n1.l1.wk
882152 887271
263539 597738
196676 554367
911670 468468
## n1.l1.wv
908484 862574
98529 861393
413138 577675
486016 276062
## n1.l1.wo
744539 708184 73039 20598 469677 335124 123502 324654
362349 943964 14319 796129 274404 676229 904204 380925
## n1.l1.wg
776146 132877
451583 362039
## n1.l1.wu
908385 543324
77645 417056
## n1.l1.wd
222269 502587
502206 236251
## n1.l1.an
373895 261532
## n1.l1.mn
777350 960681
## n1.q0
168888 120457
151426 953466
845295 409638
97433 586935
553043 670486
46022 48817
533429 463320
38255 177832
## n1.k0
27246 518432
992944 383648
926574 846748
454603 204461
## n1.v0
110194 107947
401574 719023
572614 346065
196540 128776
## n1.h0
439420 58432
686850 406493
## n1.q1
197973 211337
22059 361596
353230 727704
963551 124367
967508 238667
280134 898310
126956 726694
201957 250253
## n1.k1
351083 309394
675090 69363
72544 832975
955689 936294
## n1.v1
594166 56772
817239 251068
594936 828917
602358 473181
## n1.h1
93855 789210
695325 362753
## n1.logits
938765 988341 16966
855954 88577 806237
# n1 elapsed_ms 118830
